4	140
4	141
4	142
4	143
4	144
4	111
4	145
4	146
4	147
4	148
4	149
4	150
4	151
4	152
4	153
4	154
4	155
4	156
4	157
4	158
4	159
4	160
4	161
4	162
4	163
4	164
4	165
4	166
4	167
4	168
4	169
4	170
4	171
4	172
4	173
4	174
4	175
4	176
4	177
4	178
4	179
4	180
4	181
4	182
4	183
4	184
4	185
4	186
4	187
4	188
4	189
4	190
4	191
4	192
4	193
4	194
4	195
4	196
4	197
4	198
4	199
4	200
4	201
4	202
4	203
4	204
4	205
4	206
4	207
4	208
4	209
4	210
4	211
4	212
4	213
4	214
4	215
4	216
4	217
4	218
4	219
4	220
4	221
4	222
4	223
4	224
4	225
4	226
4	227
4	228
4	229
4	230
4	231
4	232
4	233
4	234
4	235
4	236
4	237
4	238
4	239
4	240
4	241
4	242
4	243
4	244
4	245
4	246
4	247
4	248
4	249
4	250
4	251
4	252
4	253
4	254
4	255
4	256
1	257
2	257
3	18
3	8
3	127
3	22
3	391
3	5
3	1
3	2
3	3
3	4
3	6
3	7
3	9
3	10
3	11
3	12
3	13
3	14
3	15
3	16
3	17
3	19
3	20
3	21
3	23
3	24
3	25
3	26
3	27
3	28
3	29
3	30
3	31
3	32
3	33
3	34
3	35
3	36
3	37
3	38
3	39
3	40
3	41
3	42
3	43
3	44
3	45
3	46
3	47
3	48
3	49
3	50
3	51
3	52
3	53
3	54
3	55
3	56
3	57
3	58
3	59
3	60
3	61
3	62
3	63
3	64
3	65
3	66
3	67
3	68
3	69
3	70
3	71
3	72
3	73
3	74
3	75
3	76
3	77
3	78
3	79
3	80
3	81
3	82
3	83
3	84
3	85
3	86
3	87
3	88
3	89
3	90
3	91
3	92
3	93
3	94
3	95
3	96
3	97
3	98
3	99
3	100
3	101
3	102
3	103
3	104
3	105
3	106
3	107
3	108
3	109
3	110
3	111
3	112
3	113
3	114
3	115
3	116
3	117
3	118
3	119
3	120
3	121
3	122
3	123
3	124
3	125
3	126
3	128
3	129
3	130
3	131
3	132
3	133
3	134
3	135
3	136
3	137
3	138
3	139
3	392
3	393
3	394
3	395
3	396
3	397
3	398
3	189
3	399
3	400
3	401
3	402
3	403
3	404
3	405
3	406
3	407
3	408
3	409
3	410
3	411
3	412
3	413
3	414
3	415
3	416
3	417
3	418
3	419
3	420
3	421
3	422
3	423
3	424
3	425
3	426
3	427
3	428
3	429
3	430
3	431
3	432
3	433
3	434
3	435
3	436
3	437
3	438
3	177
3	439
3	289
3	440
3	441
3	442
3	443
3	444
3	445
3	446
3	447
3	448
3	449
3	450
3	451
3	452
3	453
3	248
3	454
3	174
3	455
3	146
3	456
3	457
3	458
3	459
3	460
3	461
3	462
3	463
3	464
3	465
3	466
3	467
3	468
3	469
3	470
3	471
3	472
3	473
3	474
3	475
3	476
3	477
3	478
3	479
3	480
3	481
3	482
3	483
3	484
3	485
3	486
3	487
3	488
3	489
3	490
3	491
3	492
3	493
3	309
3	494
3	495
3	496
3	497
3	253
3	498
3	499
3	500
3	501
3	502
3	226
3	503
3	504
3	505
3	506
3	507
3	508
3	509
3	510
3	511
3	512
3	513
3	514
3	515
3	516
3	517
3	518
3	519
3	520
3	521
3	522
3	523
3	524
3	525
3	526
3	527
3	528
3	529
3	530
3	531
3	532
3	533
3	534
3	535
3	536
3	537
3	538
3	539
3	540
3	541
3	542
3	543
3	544
3	545
3	546
3	547
3	548
3	549
3	550
3	551
3	552
3	553
3	554
3	555
3	556
3	557
3	247
3	558
3	559
3	560
3	561
3	562
3	563
3	564
3	565
3	566
3	567
3	355
3	568
3	569
3	570
3	571
3	572
3	573
3	574
3	575
3	576
3	577
3	578
3	579
3	580
3	581
5	257
5	774
5	775
5	683
6	257
6	779
6	780
6	781
6	584
6	782
6	774
6	99
6	98
6	427
6	783
6	107
6	784
6	785
6	5
6	786
6	137
6	20
6	18
6	787
6	788
6	789
6	790
6	791
6	792
6	793
6	794
6	795
6	796
6	797
6	37
6	112
6	798
6	799
6	800
6	801
6	802
6	803
6	450
6	804
6	384
6	805
6	806
6	807
6	808
6	727
6	743
6	456
6	809
6	810
6	275
6	811
6	812
6	813
6	814
6	815
6	816
6	442
6	2
6	817
6	818
6	293
6	819
6	101
6	820
6	821
6	822
6	823
7	257
8	257
9	257
10	257
10	863
11	257
12	257
12	864
12	865
12	866
12	867
12	868
12	869
13	73
13	870
13	134
13	871
13	11
13	12
13	872
13	116
13	71
13	597
13	873
13	167
13	341
13	874
13	8
13	875
13	876
13	298
13	1
13	244
13	72
13	877
13	189
13	878
13	166
13	76
13	879
13	880
13	16
13	881
13	52
13	843
13	882
13	9
13	883
13	884
13	885
13	886
13	789
13	887
13	18
13	274
13	888
13	889
13	21
13	890
13	891
13	663
13	892
13	893
13	894
13	572
13	188
13	635
13	53
13	895
13	896
13	897
13	407
13	593
13	248
13	898
13	899
13	410
13	900
13	901
13	902
13	755
13	903
13	110
13	904
13	905
13	906
13	907
13	908
13	909
13	910
13	911
13	912
13	913
13	3
13	914
13	915
13	916
13	917
13	191
13	918
13	919
13	10
13	751
13	920
13	921
13	922
13	923
13	924
13	925
13	926
13	927
13	928
13	929
13	930
13	332
13	931
13	40
13	932
13	933
13	934
13	935
13	936
13	51
13	44
13	55
13	937
13	938
13	939
13	127
13	542
13	559
13	940
13	558
13	141
13	941
14	257
15	257
15	974
16	257
17	257
17	377
17	880
17	975
17	976
17	324
17	977
17	978
17	979
17	260
17	980
17	762
17	883
17	188
17	876
17	778
17	981
17	982
17	298
17	983
17	984
17	985
17	986
17	987
17	969
17	116
17	988
17	989
17	990
17	991
17	992
17	993
17	994
17	953
17	995
17	996
17	997
17	998
17	999
17	191
17	1000
17	933
17	1001
17	705
17	371
17	1002
17	1003
17	84
17	698
17	11
17	189
17	382
17	1004
17	1005
17	255
17	861
17	1006
17	1007
17	1008
17	930
17	672
17	1009
17	1010
17	951
17	1011
17	1012
17	1013
17	915
17	1014
17	1015
17	1016
17	1017
17	1018
17	212
17	1019
17	1020
17	1021
17	1022
17	1023
17	1024
17	1025
17	1026
17	1027
17	1028
17	1029
17	159
17	210
17	332
17	1030
17	963
17	1031
17	1032
17	1033
17	1034
17	1035
17	1036
17	1037
17	1038
17	707
17	1039
18	257
19	257
20	257
20	1040
21	257
22	257
22	1041
22	1042
22	459
22	1043
22	1044
22	1045
22	105
22	1046
22	1047
23	340
23	441
23	1048
23	145
23	688
23	1045
23	1049
23	22
23	1050
23	3
23	1051
23	1052
23	1053
23	564
23	1054
23	748
23	464
23	1055
23	1056
23	1057
23	1058
23	1059
23	1060
23	877
23	1061
